0 0.215758 0.401972 0.040344 0.047167
0 0.191617 0.437958 0.030703 0.054611
0 0.277227 0.488889 0.042531 0.048028
0 0.301055 0.652813 0.051656 0.098542
0 0.651098 0.437465 0.121555 0.080431
0 0.626687 0.871382 0.121906 0.178903
0 0.470547 0.967507 0.112563 0.064986
0 0.255270 0.944917 0.101148 0.110167
0 0.375820 0.511549 0.050375 0.053042
0 0.323379 0.477986 0.044273 0.036917
0 0.955594 0.604542 0.060469 0.071000
0 0.258871 0.546056 0.041852 0.098833
0 0.565293 0.478840 0.051898 0.052153
0 0.682031 0.497563 0.052500 0.052875
0 0.800590 0.506889 0.063258 0.047667
0 0.567648 0.498556 0.055547 0.091250
0 0.778430 0.655236 0.084578 0.071583
0 0.332496 0.536979 0.043039 0.062375
0 0.424316 0.566549 0.052336 0.080403
0 0.821996 0.559021 0.068773 0.055764
0 0.709703 0.551840 0.060687 0.062014
0 0.508281 0.425215 0.107094 0.091597
0 0.389824 0.431632 0.031680 0.037986
0 0.362812 0.411542 0.024562 0.027056
0 0.343898 0.433368 0.027500 0.027069
0 0.302863 0.423576 0.019680 0.028792
0 0.283668 0.402236 0.027914 0.024806
0 0.249121 0.404708 0.030852 0.029806
0 0.181910 0.399632 0.017867 0.016125
