0 0.195379 0.442104 0.025805 0.036708
0 0.433437 0.895764 0.105625 0.207917
0 0.599520 0.641354 0.076445 0.087264
0 0.507133 0.464465 0.040359 0.037986
0 0.423809 0.421687 0.037070 0.034153
0 0.340457 0.421069 0.031586 0.039028
0 0.382117 0.624201 0.050766 0.077236
0 0.239656 0.521167 0.040266 0.063167
0 0.307414 0.529340 0.047016 0.072653
0 0.985582 0.636264 0.028383 0.087583
0 0.830715 0.612056 0.071617 0.062139
0 0.176699 0.416576 0.023789 0.024931
0 0.186609 0.396090 0.029391 0.028875
0 0.273965 0.839493 0.085648 0.135764
0 0.853082 0.942514 0.107055 0.108250
0 0.561629 0.489271 0.047227 0.046069
0 0.567043 0.448715 0.043852 0.032514
0 0.345285 0.494049 0.042086 0.040181
0 0.295934 0.465410 0.042523 0.046958
0 0.253152 0.409181 0.030086 0.038194
0 0.230676 0.401132 0.013977 0.025375
0 0.860531 0.700132 0.107937 0.086681
0 0.633090 0.561507 0.050711 0.050625
0 0.663867 0.519229 0.052266 0.050403
0 0.188555 0.470278 0.023203 0.045833
