0 0.325090 0.418521 0.028648 0.031903
0 0.364340 0.440153 0.037930 0.040194
0 0.384328 0.424028 0.028609 0.032583
0 0.289285 0.594444 0.082477 0.172778
0 0.353422 0.468132 0.048797 0.071792
0 0.432352 0.425542 0.037922 0.040861
0 0.219117 0.401229 0.016516 0.025736
0 0.201137 0.401993 0.024492 0.025958
0 0.175137 0.390722 0.021477 0.026194
0 0.440617 0.581764 0.052109 0.067083
0 0.447813 0.457743 0.046500 0.048264
0 0.626020 0.499549 0.052102 0.053181
0 0.491508 0.462472 0.038531 0.040222
0 0.532348 0.674667 0.070008 0.105194
0 0.499820 0.556868 0.065250 0.073042
0 0.722699 0.548438 0.064523 0.070153
0 0.595125 0.528715 0.048922 0.060597
0 0.839027 0.618604 0.091758 0.080875
0 0.342871 0.545396 0.040086 0.063014
0 0.248363 0.517125 0.048430 0.077000
0 0.970469 0.724014 0.059062 0.125417
0 0.834297 0.552812 0.084859 0.071653
0 0.516781 0.439812 0.051031 0.045403
0 0.256633 0.452743 0.035312 0.045792
0 0.241438 0.433451 0.040234 0.032931
0 0.287461 0.406944 0.028656 0.033444
