0 0.811191 0.676153 0.085023 0.082917
0 0.663152 0.476292 0.043758 0.030861
0 0.282738 0.782111 0.078508 0.169556
0 0.936516 0.692208 0.085641 0.076556
0 0.979398 0.580125 0.041125 0.071694
0 0.447281 0.573403 0.053781 0.065833
0 0.610254 0.474090 0.050336 0.051625
0 0.397578 0.657521 0.069687 0.137236
0 0.929129 0.608486 0.083602 0.075306
0 0.676910 0.580743 0.062211 0.066819
0 0.522504 0.693181 0.066523 0.116250
0 0.682719 0.721694 0.086203 0.128083
0 0.591477 0.529813 0.048734 0.048931
0 0.908410 0.872625 0.183180 0.242472
0 0.681281 0.965215 0.108344 0.069569
0 0.548137 0.589181 0.077492 0.098500
0 0.288328 0.632924 0.051531 0.070264
0 0.275539 0.588840 0.043016 0.057875
0 0.330566 0.547167 0.049211 0.065444
0 0.342770 0.493771 0.050367 0.035819
0 0.348391 0.466222 0.049984 0.024806
0 0.499641 0.482069 0.053000 0.047861
0 0.537703 0.438590 0.039969 0.038069
0 0.474617 0.422924 0.048109 0.044819
0 0.445512 0.470493 0.039680 0.044264
0 0.395637 0.442111 0.024430 0.032722
0 0.386230 0.435785 0.024211 0.041514
0 0.377797 0.413306 0.026375 0.031139
0 0.314445 0.417896 0.028109 0.030403
0 0.238871 0.522833 0.041320 0.045778
0 0.265582 0.447681 0.041945 0.036944
0 0.242883 0.467264 0.037625 0.033806
0 0.203316 0.478625 0.035461 0.043472
0 0.213477 0.436938 0.034156 0.033819
0 0.265371 0.410785 0.027242 0.027708
0 0.234340 0.401194 0.030914 0.037667
0 0.190777 0.396944 0.020758 0.020028
0 0.170016 0.391201 0.016000 0.024597
