0 0.185000 0.387854 0.020813 0.024097
0 0.172969 0.397222 0.018766 0.026889
0 0.528711 0.726479 0.068359 0.103097
0 0.482262 0.471944 0.040164 0.030278
0 0.274492 0.601993 0.041953 0.071292
0 0.585000 0.523118 0.049375 0.045514
0 0.482617 0.442778 0.032422 0.038333
0 0.433906 0.937632 0.133203 0.124736
0 0.816551 0.926701 0.157398 0.146597
0 0.718422 0.604090 0.064609 0.080347
0 0.306184 0.413299 0.020102 0.019597
0 0.613719 0.476444 0.036594 0.034639
0 0.575605 0.480167 0.052039 0.051056
0 0.386320 0.626479 0.060344 0.094069
0 0.456922 0.587201 0.055906 0.070347
0 0.785410 0.561993 0.099039 0.095264
0 0.850078 0.562396 0.061766 0.079153
0 0.454070 0.522007 0.048359 0.056292
0 0.780715 0.425674 0.039633 0.052542
0 0.257281 0.551361 0.042281 0.058750
0 0.346215 0.489931 0.044711 0.057306
0 0.374797 0.440347 0.035937 0.036139
0 0.409223 0.435403 0.031945 0.032278
0 0.266023 0.486424 0.043547 0.049292
0 0.250074 0.400924 0.027727 0.022903
0 0.212039 0.409111 0.027500 0.031417
