0 0.765852 0.602361 0.068687 0.075500
0 0.825617 0.553174 0.072453 0.071042
0 0.559059 0.775174 0.082117 0.124764
0 0.835090 0.689382 0.090305 0.084542
0 0.485961 0.466681 0.033984 0.043111
0 0.555629 0.460847 0.035242 0.038972
0 0.282715 0.652715 0.056102 0.099875
0 0.502848 0.649896 0.069930 0.107847
0 0.245195 0.468882 0.037844 0.045958
0 0.352063 0.438153 0.024984 0.019639
0 0.396699 0.429840 0.020930 0.020986
0 0.316336 0.481028 0.049047 0.045389
0 0.971063 0.721069 0.057875 0.115389
0 0.206023 0.395090 0.035578 0.024736
0 0.275176 0.411368 0.024867 0.024653
0 0.303961 0.404403 0.030719 0.026944
0 0.322477 0.421958 0.030547 0.027583
0 0.384813 0.484271 0.045422 0.042014
0 0.263359 0.545438 0.045781 0.057542
0 0.621578 0.453951 0.047656 0.033597
0 0.630297 0.481875 0.057328 0.042028
0 0.616020 0.506160 0.053836 0.047514
0 0.433293 0.944736 0.122711 0.110528
0 0.215930 0.933361 0.145031 0.131639
0 0.461242 0.472542 0.041578 0.043306
0 0.323359 0.526271 0.047531 0.070042
