0 0.333816 0.486021 0.042555 0.046042
0 0.293238 0.778486 0.072430 0.150000
0 0.737738 0.492535 0.051555 0.051847
0 0.748547 0.577972 0.070609 0.064361
0 0.544289 0.733528 0.073797 0.110306
0 0.301063 0.596229 0.042797 0.074347
0 0.897281 0.460250 0.070922 0.064389
0 0.508844 0.566375 0.054641 0.063167
0 0.328020 0.541375 0.038570 0.062972
0 0.292254 0.506646 0.039008 0.062097
0 0.251699 0.551090 0.041086 0.049458
0 0.913605 0.577306 0.082945 0.086500
0 0.322051 0.417250 0.041477 0.034167
0 0.736281 0.798556 0.119156 0.180111
0 0.389730 0.637743 0.091445 0.193569
0 0.426523 0.573458 0.052875 0.062000
0 0.432375 0.510188 0.056937 0.075708
0 0.372387 0.480076 0.041195 0.048819
0 0.400375 0.416354 0.046844 0.035764
0 0.290977 0.439153 0.041109 0.040528
0 0.261082 0.472708 0.039242 0.071750
0 0.262016 0.406264 0.041859 0.033222
0 0.216605 0.404271 0.026164 0.027903
0 0.197172 0.390319 0.023547 0.031889
