0 0.229957 0.454889 0.041383 0.036889
0 0.243016 0.413514 0.032719 0.026917
0 0.227777 0.384729 0.026523 0.023597
0 0.211375 0.405958 0.022750 0.030778
0 0.176895 0.395528 0.019695 0.021861
0 0.575293 0.483083 0.048945 0.052889
0 0.363652 0.439285 0.031914 0.038931
0 0.315707 0.423965 0.026102 0.023764
0 0.681875 0.959611 0.134500 0.080778
0 0.500273 0.551708 0.065953 0.065361
0 0.427891 0.540951 0.069938 0.075708
0 0.489879 0.435910 0.037242 0.050986
0 0.446887 0.460708 0.050367 0.060611
0 0.598762 0.460361 0.036461 0.047528
0 0.237086 0.521132 0.041297 0.052486
0 0.265605 0.486444 0.039805 0.047139
0 0.246949 0.907264 0.098727 0.153556
0 0.409402 0.675194 0.059086 0.113833
0 0.284801 0.690958 0.060633 0.132806
0 0.340656 0.542938 0.051359 0.061986
0 0.850840 0.694007 0.089523 0.083181
0 0.521508 0.653722 0.071312 0.110250
0 0.267227 0.587076 0.047422 0.076542
0 0.700340 0.598917 0.066695 0.071306
0 0.715336 0.513646 0.055375 0.059792
0 0.456187 0.604014 0.051344 0.077194
0 0.774734 0.870417 0.118641 0.148306
0 0.877773 0.645674 0.082687 0.071264
0 0.371047 0.409944 0.035047 0.031139
0 0.311820 0.405097 0.026328 0.023833
0 0.266582 0.397903 0.018930 0.020667
