0 0.271941 0.832722 0.080508 0.161889
0 0.635223 0.557438 0.058961 0.051931
0 0.190895 0.396076 0.022508 0.031903
0 0.239937 0.411986 0.023734 0.031528
0 0.265684 0.410375 0.027789 0.030778
0 0.237758 0.533806 0.038125 0.046500
0 0.274383 0.488958 0.038125 0.047833
0 0.308578 0.470187 0.041109 0.043514
0 0.399098 0.449917 0.036258 0.040194
0 0.427781 0.434625 0.042047 0.043556
0 0.599227 0.467097 0.034734 0.039611
0 0.378246 0.618799 0.058945 0.101208
0 0.479223 0.611354 0.065305 0.095847
0 0.555664 0.464299 0.053359 0.049458
0 0.460586 0.949444 0.122578 0.095083
0 0.772852 0.652861 0.078312 0.090583
0 0.814422 0.519597 0.059906 0.057917
0 0.768801 0.568944 0.067367 0.067306
0 0.608117 0.889674 0.110719 0.182292
0 0.275813 0.707993 0.062688 0.101264
0 0.686523 0.742688 0.090188 0.116347
0 0.497332 0.481389 0.042758 0.038750
0 0.326355 0.416861 0.034852 0.035861
0 0.762918 0.409319 0.037430 0.050444
0 0.965617 0.707667 0.064375 0.065278
