0 0.464426 0.520563 0.059336 0.062264
0 0.384152 0.484722 0.045836 0.042278
0 0.409551 0.450486 0.036992 0.041556
0 0.373129 0.441285 0.034164 0.046125
0 0.347094 0.438819 0.022609 0.048833
0 0.322148 0.446965 0.041484 0.047181
0 0.298574 0.404167 0.032148 0.027389
0 0.275652 0.457118 0.039945 0.047347
0 0.234117 0.461229 0.030391 0.057625
0 0.268246 0.415611 0.020539 0.021278
0 0.256109 0.402312 0.027656 0.036542
0 0.228918 0.404139 0.021492 0.034222
0 0.990824 0.642319 0.018023 0.057972
0 0.205137 0.473785 0.026133 0.029681
0 0.438078 0.582187 0.048578 0.062819
0 0.623305 0.679708 0.078016 0.101861
0 0.292566 0.503799 0.040148 0.049764
0 0.552844 0.472118 0.052297 0.055625
0 0.262273 0.898542 0.121719 0.191667
0 0.778332 0.642958 0.087617 0.117111
0 0.842543 0.615944 0.072773 0.069472
0 0.616543 0.497646 0.051570 0.059653
0 0.285625 0.625569 0.053938 0.103528
0 0.736105 0.518403 0.052773 0.050639
0 0.700043 0.537701 0.057023 0.058625
0 0.476270 0.632667 0.059898 0.081889
0 0.176316 0.375736 0.068398 0.075750
0 0.329516 0.539569 0.044875 0.062750
0 0.545387 0.585500 0.065414 0.087472
0 0.662035 0.466632 0.046883 0.048375
0 0.516527 0.435146 0.048336 0.040653
0 0.462840 0.451611 0.041680 0.039611
0 0.377598 0.513875 0.046023 0.057111
