0 0.544996 0.502125 0.044727 0.050056
0 0.657918 0.699174 0.088586 0.113542
0 0.401004 0.677424 0.060992 0.114903
0 0.376074 0.521132 0.046055 0.050431
0 0.542668 0.455778 0.052102 0.048361
0 0.536426 0.584937 0.061102 0.068958
0 0.235746 0.921007 0.116633 0.156375
0 0.663336 0.967028 0.110438 0.065944
0 0.703750 0.503861 0.055469 0.053111
0 0.865805 0.931986 0.132766 0.136028
0 0.346266 0.413264 0.037219 0.037472
0 0.426203 0.431188 0.024469 0.028347
0 0.647527 0.565583 0.058023 0.053944
0 0.597602 0.826569 0.094047 0.139778
0 0.174105 0.395458 0.016477 0.021528
0 0.443539 0.502944 0.049437 0.066778
0 0.369398 0.587653 0.046719 0.076750
0 0.381734 0.473528 0.042844 0.050944
0 0.412996 0.426451 0.028945 0.048375
0 0.334164 0.478347 0.044781 0.052472
0 0.298250 0.418306 0.034047 0.032028
0 0.257848 0.480125 0.041305 0.040917
0 0.249355 0.450104 0.033773 0.036903
0 0.263980 0.415861 0.025539 0.030694
0 0.238977 0.402076 0.020516 0.031569
0 0.218711 0.406299 0.020016 0.026681
0 0.200937 0.450111 0.024047 0.038694
0 0.190414 0.392444 0.015828 0.019528
0 0.498109 0.628722 0.066484 0.102194
0 0.766156 0.642278 0.077375 0.085111
0 0.920125 0.651618 0.100234 0.102764
0 0.628617 0.510549 0.052250 0.047597
0 0.467348 0.438743 0.040352 0.050375
0 0.308668 0.521285 0.039961 0.057486
