0 0.732148 0.625493 0.074141 0.066264
0 0.240820 0.466326 0.041906 0.049708
0 0.655004 0.521903 0.051086 0.032417
0 0.866848 0.720812 0.096039 0.097514
0 0.620637 0.550562 0.052273 0.055542
0 0.267316 0.539250 0.040164 0.069194
0 0.502387 0.554028 0.049195 0.056472
0 0.396125 0.691528 0.059344 0.093444
0 0.745027 0.559569 0.055695 0.054778
0 0.779273 0.545604 0.044672 0.039958
0 0.289469 0.501903 0.037484 0.041806
0 0.560852 0.510090 0.048672 0.048569
0 0.662945 0.491687 0.053922 0.039292
0 0.218547 0.398132 0.032141 0.026569
0 0.227328 0.424681 0.046344 0.027861
0 0.361523 0.416639 0.026813 0.024833
0 0.347641 0.433028 0.034750 0.034250
0 0.507863 0.445424 0.114305 0.133347
0 0.436551 0.439389 0.033273 0.039583
0 0.428836 0.502139 0.045281 0.059778
0 0.366961 0.511701 0.049766 0.058181
0 0.452605 0.953979 0.118055 0.092042
0 0.204809 0.478049 0.040273 0.060264
